C = 10e-6;
L = 2e-3;
R = 10;
f = 100e3;
Ui = 32;
d = 0.385;
